****                   MendelIHT Version 1.4.6                  ****
****     Benjamin Chu, Kevin Keys, Chris German, Hua Zhou       ****
****   Jin Zhou, Eric Sobel, Janet Sinsheimer, Kenneth Lange    ****
****                                                            ****
****                 Please cite our paper!                     ****
****         https://doi.org/10.1093/gigascience/giaa044        ****

Running sparse Multivariate Gaussian regression
Number of threads = 32
Link functin = GLM.IdentityLink()
Sparsity parameter (k) = 4678
Prior weight scaling = off
Doubly sparse projection = off
Debias = off
Max IHT iterations = 20000
Converging when tol < 0.0001 and iteration ≥ 5:

Iteration 1: loglikelihood = 1.9900806693628624e6, backtracks = 0, tol = 0.05038374598183472
Iteration 2: loglikelihood = 2.0109317364920506e6, backtracks = 3, tol = 0.0008774580995211358
Iteration 3: loglikelihood = 2.0223371598561592e6, backtracks = 3, tol = 0.0009518148583178098
Iteration 4: loglikelihood = 2.03079113895094e6, backtracks = 3, tol = 0.0009061352247563808
Iteration 5: loglikelihood = 2.005878397786369e6, backtracks = 3, tol = 0.0009953013187424269
Iteration 6: loglikelihood = 2.0603467294320364e6, backtracks = 3, tol = 0.0010096515593293449
Iteration 7: loglikelihood = 1.9533083706142209e6, backtracks = 3, tol = 0.0017813920227501409
Iteration 8: loglikelihood = 2.0659200390816713e6, backtracks = 2, tol = 0.0017802469304129336
Iteration 9: loglikelihood = 1.9674891749258635e6, backtracks = 3, tol = 0.0018060949593481524
Iteration 10: loglikelihood = 2.0984850300611453e6, backtracks = 2, tol = 0.0016815414957471759
Iteration 11: loglikelihood = 1.9628524110016613e6, backtracks = 3, tol = 0.0019122194242959074
Iteration 12: loglikelihood = 1.9953950755137852e6, backtracks = 1, tol = 0.0032100929475124117
Iteration 13: loglikelihood = 2.134420299294826e6, backtracks = 2, tol = 0.0014002572277623838
Iteration 14: loglikelihood = 1.9820533364195963e6, backtracks = 3, tol = 0.002343532315266765
Iteration 15: loglikelihood = 2.0244690125655136e6, backtracks = 1, tol = 0.002400953632550284
Iteration 16: loglikelihood = 2.0747637273851056e6, backtracks = 2, tol = 0.0017778945841499735
Iteration 17: loglikelihood = 2.0820936319051548e6, backtracks = 3, tol = 0.0011666483997611744
Iteration 18: loglikelihood = 2.0784581574943273e6, backtracks = 3, tol = 0.001169105137762058
Iteration 19: loglikelihood = 2.0870332717288947e6, backtracks = 3, tol = 0.001146502230359068
Iteration 20: loglikelihood = 2.0735056672301306e6, backtracks = 3, tol = 0.0014127084031846514
Iteration 21: loglikelihood = 2.1092655173647446e6, backtracks = 3, tol = 0.0010826853789894582
Iteration 22: loglikelihood = 2.0387033808109327e6, backtracks = 3, tol = 0.0015550912224117806
Iteration 23: loglikelihood = 2.0815266100712088e6, backtracks = 2, tol = 0.0015895231476213884
Iteration 24: loglikelihood = 2.095231388956582e6, backtracks = 3, tol = 0.0012809251684493632
Iteration 25: loglikelihood = 2.0761130039050975e6, backtracks = 3, tol = 0.0012217139518787723
Iteration 26: loglikelihood = 2.1239037792211315e6, backtracks = 3, tol = 0.0010545723930451643
Iteration 27: loglikelihood = 2.0321072628110414e6, backtracks = 3, tol = 0.0014876522850894073
Iteration 28: loglikelihood = 2.1295632602353063e6, backtracks = 2, tol = 0.001410780438207139
Iteration 29: loglikelihood = 2.027978179979342e6, backtracks = 3, tol = 0.0015087564178323995
Iteration 30: loglikelihood = 2.1599685018256987e6, backtracks = 2, tol = 0.001320345673293699
Iteration 31: loglikelihood = 2.001867933652855e6, backtracks = 3, tol = 0.001780705595515023
Iteration 32: loglikelihood = 2.082622832407198e6, backtracks = 1, tol = 0.0021217620372830375
Iteration 33: loglikelihood = 2.1495527512423275e6, backtracks = 3, tol = 0.000965058152033605
Iteration 34: loglikelihood = 2.0259116886105011e6, backtracks = 3, tol = 0.0016587507725767691
Iteration 35: loglikelihood = 2.0312970620722948e6, backtracks = 1, tol = 0.002362528975112182
Iteration 36: loglikelihood = 2.2148238253478445e6, backtracks = 2, tol = 0.0011882594080824564
Iteration 37: loglikelihood = 2.0181435024022656e6, backtracks = 3, tol = 0.001753432991373205
Iteration 38: loglikelihood = 2.0641219008934414e6, backtracks = 1, tol = 0.0020858838853845714
Iteration 39: loglikelihood = 2.0838199297806188e6, backtracks = 2, tol = 0.0015408113478073524
Iteration 40: loglikelihood = 2.189620807827518e6, backtracks = 3, tol = 0.0008847724496806284
Iteration 41: loglikelihood = 1.992478036472042e6, backtracks = 3, tol = 0.002031661148853347
Iteration 42: loglikelihood = 2.0089453806722441e6, backtracks = 0, tol = 0.003908920409155713
Iteration 43: loglikelihood = 2.1552014861200764e6, backtracks = 1, tol = 0.001772192031995265
Iteration 44: loglikelihood = 2.0493719228377747e6, backtracks = 3, tol = 0.0013528342429486979
Iteration 45: loglikelihood = 2.2243734627317344e6, backtracks = 2, tol = 0.0011586824300012983
Iteration 46: loglikelihood = 2.0089218215035712e6, backtracks = 3, tol = 0.0017948910249127442
Iteration 47: loglikelihood = 2.220630920103323e6, backtracks = 1, tol = 0.0016944490573090616
Iteration 48: loglikelihood = 2.0069499701707442e6, backtracks = 3, tol = 0.0021297266659799016
Iteration 49: loglikelihood = 2.013386386689867e6, backtracks = 0, tol = 0.003119714645649605
Iteration 50: loglikelihood = 2.213292050679892e6, backtracks = 1, tol = 0.0016496159679171498
Iteration 51: loglikelihood = 2.0160692717641839e6, backtracks = 3, tol = 0.0017480741339970611
Iteration 52: loglikelihood = 2.1997969699243177e6, backtracks = 1, tol = 0.0016840978443799217
Iteration 53: loglikelihood = 2.0181911071184543e6, backtracks = 3, tol = 0.0016501551682077344
Iteration 54: loglikelihood = 2.2004568006173023e6, backtracks = 1, tol = 0.0016499817762860396
Iteration 55: loglikelihood = 2.0235330577899446e6, backtracks = 3, tol = 0.0015634898194833052
Iteration 56: loglikelihood = 2.170812670613558e6, backtracks = 1, tol = 0.0017202863124603164
Iteration 57: loglikelihood = 2.0470444754757779e6, backtracks = 3, tol = 0.0013792225249812404
Iteration 58: loglikelihood = 2.0776082394863572e6, backtracks = 1, tol = 0.0019799195735751224
Iteration 59: loglikelihood = 2.12241893960124e6, backtracks = 2, tol = 0.0013427431164154127
Iteration 60: loglikelihood = 2.1421340218982114e6, backtracks = 3, tol = 0.0009456740957209783
Iteration 61: loglikelihood = 2.09061447478625e6, backtracks = 3, tol = 0.0011905909320125735
Iteration 62: loglikelihood = 2.1006031407901812e6, backtracks = 2, tol = 0.001441236423538556
Iteration 63: loglikelihood = 2.219611214164869e6, backtracks = 3, tol = 0.0008154969924141831
Iteration 64: loglikelihood = 2.0189418952340614e6, backtracks = 3, tol = 0.0017770627589015378
Iteration 65: loglikelihood = 2.2454176237800927e6, backtracks = 1, tol = 0.0015940240021240935
Iteration 66: loglikelihood = 2.04548429021641e6, backtracks = 3, tol = 0.0024886702242575423
Iteration 67: loglikelihood = 2.0693911922531084e6, backtracks = 1, tol = 0.0019325471686598426
Iteration 68: loglikelihood = 2.193308765187779e6, backtracks = 2, tol = 0.0011412859554409942
Iteration 69: loglikelihood = 2.032574178840933e6, backtracks = 3, tol = 0.0016395953956698363
Iteration 70: loglikelihood = 2.149434916376025e6, backtracks = 1, tol = 0.0017320145921458654
Iteration 71: loglikelihood = 2.0833802139931053e6, backtracks = 3, tol = 0.0012076013548597254
Iteration 72: loglikelihood = 2.14366049390195e6, backtracks = 2, tol = 0.00127818165978589
Iteration 73: loglikelihood = 2.0972324735145476e6, backtracks = 3, tol = 0.001152703441782094
Iteration 74: loglikelihood = 2.100924463468199e6, backtracks = 2, tol = 0.0014446502267616574
Iteration 75: loglikelihood = 2.240521456217655e6, backtracks = 3, tol = 0.0007915302740268169
Iteration 76: loglikelihood = 2.0219407600268205e6, backtracks = 3, tol = 0.0017859706263973786
Iteration 77: loglikelihood = 2.252960443614641e6, backtracks = 1, tol = 0.0015740931339963404
Iteration 78: loglikelihood = 2.0723374134699078e6, backtracks = 3, tol = 0.0015372448444983184
Iteration 79: loglikelihood = 2.1628936054292754e6, backtracks = 2, tol = 0.0013414315617515805
Iteration 80: loglikelihood = 2.0792355804215334e6, backtracks = 3, tol = 0.001359369670374256
Iteration 81: loglikelihood = 2.158516705932944e6, backtracks = 2, tol = 0.0012208194054970384
Iteration 82: loglikelihood = 2.0820174188306518e6, backtracks = 3, tol = 0.0012579022454415076
Iteration 83: loglikelihood = 2.147566902092409e6, backtracks = 2, tol = 0.0012798450969462743
Iteration 84: loglikelihood = 2.098976908501251e6, backtracks = 3, tol = 0.0011386442140024296
Iteration 85: loglikelihood = 2.260423602805943e6, backtracks = 3, tol = 0.000743339018165003
Iteration 86: loglikelihood = 2.0548616258156728e6, backtracks = 3, tol = 0.0012772502064846303
Iteration 87: loglikelihood = 2.0906182864377438e6, backtracks = 1, tol = 0.0019460949039068651
Iteration 88: loglikelihood = 2.1179743133990816e6, backtracks = 2, tol = 0.0013590401224310327
Iteration 89: loglikelihood = 2.1841777931823893e6, backtracks = 3, tol = 0.0008571794285733704
Iteration 90: loglikelihood = 2.0510021936558438e6, backtracks = 3, tol = 0.001516441930185564
Iteration 91: loglikelihood = 2.1081595541578345e6, backtracks = 1, tol = 0.0018528412069092528
Iteration 92: loglikelihood = 2.240645651817327e6, backtracks = 3, tol = 0.0007771684393001073
Iteration 93: loglikelihood = 2.0144502916577552e6, backtracks = 3, tol = 0.0019498867220850776
Iteration 94: loglikelihood = 2.0599493212469392e6, backtracks = 0, tol = 0.0028964540937730324
Iteration 95: loglikelihood = 2.0811008627313552e6, backtracks = 1, tol = 0.001918687793152971
Iteration 96: loglikelihood = 2.1812415009878147e6, backtracks = 2, tol = 0.0011612140079527023
Iteration 97: loglikelihood = 2.064419422520322e6, backtracks = 3, tol = 0.0013787499313985389
Iteration 98: loglikelihood = 2.0754646075993306e6, backtracks = 1, tol = 0.0020834981435896055
Iteration 99: loglikelihood = 2.217495548537287e6, backtracks = 2, tol = 0.001079074359467388
Iteration 100: loglikelihood = 2.0372044209000533e6, backtracks = 3, tol = 0.0018111697974049438
Iteration 101: loglikelihood = 2.211330719290115e6, backtracks = 1, tol = 0.0015953525593296453
Iteration 102: loglikelihood = 2.038980160487034e6, backtracks = 3, tol = 0.0015575935841046196
Iteration 103: loglikelihood = 2.19954353400168e6, backtracks = 1, tol = 0.001621137226969656
Iteration 104: loglikelihood = 2.0461935574680362e6, backtracks = 3, tol = 0.0015547864681930588
Iteration 105: loglikelihood = 2.154703102429959e6, backtracks = 1, tol = 0.0017183481605445217
Iteration 106: loglikelihood = 2.104797325303328e6, backtracks = 3, tol = 0.001273467214015098
Iteration 107: loglikelihood = 2.1193890596978767e6, backtracks = 2, tol = 0.0013921944738075867
Iteration 108: loglikelihood = 2.21807797075762e6, backtracks = 3, tol = 0.000823725876766388
Iteration 109: loglikelihood = 2.0342769583671363e6, backtracks = 3, tol = 0.001753858121876696
Iteration 110: loglikelihood = 2.2577399436020376e6, backtracks = 1, tol = 0.0015334939710686302
Iteration 111: loglikelihood = 2.0387305511493357e6, backtracks = 3, tol = 0.0018458430815414613
Iteration 112: loglikelihood = 2.170787911716063e6, backtracks = 1, tol = 0.0016302565555558499
Iteration 113: loglikelihood = 2.0926469568276824e6, backtracks = 3, tol = 0.001452176586047505
Iteration 114: loglikelihood = 2.1580189272087663e6, backtracks = 2, tol = 0.001242975494167873
Iteration 115: loglikelihood = 2.111702569260869e6, backtracks = 3, tol = 0.0011133619454067704
Iteration 116: loglikelihood = 2.2690753893042174e6, backtracks = 3, tol = 0.0007173001922917944
Iteration 117: loglikelihood = 2.0536453501908784e6, backtracks = 3, tol = 0.0013306565282855088
Iteration 118: loglikelihood = 2.127509220295493e6, backtracks = 1, tol = 0.0019499384314643703
Iteration 119: loglikelihood = 2.1972018084005085e6, backtracks = 3, tol = 0.0008478923179150532
Iteration 120: loglikelihood = 2.0594388347722343e6, backtracks = 3, tol = 0.0014889212763118847
Iteration 121: loglikelihood = 2.1113152250255924e6, backtracks = 1, tol = 0.0018243308618203242
Iteration 122: loglikelihood = 2.2724276155869365e6, backtracks = 3, tol = 0.000709370377603268
Iteration 123: loglikelihood = 2.0812575015285513e6, backtracks = 3, tol = 0.0012022522974976522
Iteration 124: loglikelihood = 2.2182735347841326e6, backtracks = 2, tol = 0.0011282037460337666
Iteration 125: loglikelihood = 2.0372580250655552e6, backtracks = 3, tol = 0.0017971177836425352
Iteration 126: loglikelihood = 2.2107418191322503e6, backtracks = 1, tol = 0.0015574210829616
Iteration 127: loglikelihood = 2.046454546663451e6, backtracks = 3, tol = 0.0016917602371319125
Iteration 128: loglikelihood = 2.1649928284604996e6, backtracks = 1, tol = 0.0017156792528310815
Iteration 129: loglikelihood = 2.105630354989947e6, backtracks = 3, tol = 0.0010992446446625723
Iteration 130: loglikelihood = 2.128483741156745e6, backtracks = 2, tol = 0.0013408093914403737
Iteration 131: loglikelihood = 2.2099108244300717e6, backtracks = 3, tol = 0.0008047021071518289
Iteration 132: loglikelihood = 2.045160492420855e6, backtracks = 3, tol = 0.0016454474213397786
Iteration 133: loglikelihood = 2.189445084868342e6, backtracks = 1, tol = 0.0016015576266343603
Iteration 134: loglikelihood = 2.065426535451197e6, backtracks = 3, tol = 0.0015219313641185483
Iteration 135: loglikelihood = 2.1065011672896426e6, backtracks = 1, tol = 0.0018436673554839524
Iteration 136: loglikelihood = 2.1185339280634085e6, backtracks = 2, tol = 0.0013625607657274407
Iteration 137: loglikelihood = 2.2594020271784533e6, backtracks = 3, tol = 0.0007287366042677498
Iteration 138: loglikelihood = 2.0343132829045397e6, backtracks = 3, tol = 0.001702026049155023
Iteration 139: loglikelihood = 2.043268422040414e6, backtracks = 0, tol = 0.0028899750227985963
Iteration 140: loglikelihood = 2.2221060843442385e6, backtracks = 1, tol = 0.0015231932960506375
Iteration 141: loglikelihood = 2.040001221708189e6, backtracks = 3, tol = 0.0016022709886698277
Iteration 142: loglikelihood = 2.2644684596771644e6, backtracks = 1, tol = 0.0014634687784579855
Iteration 143: loglikelihood = 2.0387960657234706e6, backtracks = 3, tol = 0.0014513695459363843
Iteration 144: loglikelihood = 2.266199738744527e6, backtracks = 1, tol = 0.0014325716615494436
Iteration 145: loglikelihood = 2.0453276448320188e6, backtracks = 3, tol = 0.0014704388393481315
Iteration 146: loglikelihood = 2.196648411990688e6, backtracks = 1, tol = 0.0011665347240000894
Iteration 147: loglikelihood = 2.0538394906372656e6, backtracks = 3, tol = 0.000807528948430441
Iteration 148: loglikelihood = 2.1194078486254597e6, backtracks = 1, tol = 0.0008148318217732434
Iteration 149: loglikelihood = 2.1968883748121606e6, backtracks = 3, tol = 0.00040742948765303455
Iteration 150: loglikelihood = 2.0997481290261773e6, backtracks = 3, tol = 0.0008503294345826261
Iteration 151: loglikelihood = 2.1458329645448653e6, backtracks = 2, tol = 0.000526704095504647
Iteration 152: loglikelihood = 2.1362541943698633e6, backtracks = 3, tol = 0.0005074752547441148
Iteration 153: loglikelihood = 2.1877507259579822e6, backtracks = 3, tol = 0.000364905740421141
Iteration 154: loglikelihood = 2.104982133968437e6, backtracks = 3, tol = 0.0005529615250062488
Iteration 155: loglikelihood = 2.1309516643678015e6, backtracks = 2, tol = 0.0006059899555882985
Iteration 156: loglikelihood = 2.1678854177862923e6, backtracks = 3, tol = 0.000506771053411672
Iteration 157: loglikelihood = 2.118794656008157e6, backtracks = 3, tol = 0.00047934810894908407
Iteration 158: loglikelihood = 2.2184293778129118e6, backtracks = 3, tol = 0.00045021440783187677
Iteration 159: loglikelihood = 2.0558703796337137e6, backtracks = 3, tol = 0.0006355884202575274
Iteration 160: loglikelihood = 2.135127548360603e6, backtracks = 1, tol = 0.0009506894546722875
Iteration 161: loglikelihood = 2.138955983847988e6, backtracks = 3, tol = 0.00044587981987244266
Iteration 162: loglikelihood = 2.180377714983443e6, backtracks = 3, tol = 0.00034768389483320433
Iteration 163: loglikelihood = 2.0882044547065897e6, backtracks = 3, tol = 0.0006087611725886817
Iteration 164: loglikelihood = 2.1764111196342716e6, backtracks = 2, tol = 0.0005041422226133847
Iteration 165: loglikelihood = 2.0893518098158487e6, backtracks = 3, tol = 0.0004578088505738707
Iteration 166: loglikelihood = 2.167212647874247e6, backtracks = 2, tol = 0.00045413190179268
Iteration 167: loglikelihood = 2.098137830502131e6, backtracks = 3, tol = 0.0003999188962616939
Iteration 168: loglikelihood = 2.151231986760035e6, backtracks = 2, tol = 0.00041685785149159704
Iteration 169: loglikelihood = 2.1049539641733775e6, backtracks = 3, tol = 0.0004009615845455356
Iteration 170: loglikelihood = 2.132773355369486e6, backtracks = 2, tol = 0.0006192589832834701
Iteration 171: loglikelihood = 2.1321875878682574e6, backtracks = 3, tol = 0.0004116128762973569
Iteration 172: loglikelihood = 2.162622279817749e6, backtracks = 3, tol = 0.00029849920035891693
Iteration 173: loglikelihood = 2.11206210092323e6, backtracks = 3, tol = 0.00038232261198865224
Iteration 174: loglikelihood = 2.231396966653416e6, backtracks = 3, tol = 0.00036264830140178615
Iteration 175: loglikelihood = 2.066499956737074e6, backtracks = 3, tol = 0.0005162884957301909
Iteration 176: loglikelihood = 2.0800506018076187e6, backtracks = 1, tol = 0.0007001484625546791
Iteration 177: loglikelihood = 2.121757948667086e6, backtracks = 2, tol = 0.0006080435204961242
Iteration 178: loglikelihood = 2.164041661878097e6, backtracks = 3, tol = 0.00036707984596393435
Iteration 179: loglikelihood = 2.1125493617788176e6, backtracks = 3, tol = 0.00047338797780645936
Iteration 180: loglikelihood = 2.2278244560655183e6, backtracks = 3, tol = 0.00034715449034051067
Iteration 181: loglikelihood = 2.0702430381033325e6, backtracks = 3, tol = 0.0005100147702460022
Iteration 182: loglikelihood = 2.0755566243261446e6, backtracks = 1, tol = 0.0006778000972430951
Iteration 183: loglikelihood = 2.1260864238197627e6, backtracks = 2, tol = 0.000638158076007401
Iteration 184: loglikelihood = 2.1529515130169494e6, backtracks = 3, tol = 0.0003948320278710568
Iteration 185: loglikelihood = 2.1167803700377326e6, backtracks = 3, tol = 0.0005001868318441282
Iteration 186: loglikelihood = 2.1696567674766816e6, backtracks = 3, tol = 0.00038421051384710913
Iteration 187: loglikelihood = 2.1007442397164013e6, backtracks = 3, tol = 0.00046000850030282497
Iteration 188: loglikelihood = 2.1125936033904483e6, backtracks = 2, tol = 0.00046000718164074245
Iteration 189: loglikelihood = 2.151969943431387e6, backtracks = 3, tol = 0.0004521641672365613
Iteration 190: loglikelihood = 2.1315847792196437e6, backtracks = 3, tol = 0.0003638633945962383
Iteration 191: loglikelihood = 2.1386377612261157e6, backtracks = 3, tol = 0.00036386242921536665
Iteration 192: loglikelihood = 2.143113860238862e6, backtracks = 3, tol = 0.0003225657290815448
Iteration 193: loglikelihood = 2.1281544999421937e6, backtracks = 3, tol = 0.0003566563644434738
Iteration 194: loglikelihood = 2.1542747369703026e6, backtracks = 3, tol = 0.0003566553452035477
Iteration 195: loglikelihood = 2.1165207592119426e6, backtracks = 3, tol = 0.0003957049843705375
Iteration 196: loglikelihood = 2.1681974694540384e6, backtracks = 3, tol = 0.0003957038522012247
Iteration 197: loglikelihood = 2.1019560747020217e6, backtracks = 3, tol = 0.0004529220892381571
Iteration 198: loglikelihood = 2.111075408384865e6, backtracks = 2, tol = 0.00045920496708569126
Iteration 199: loglikelihood = 2.160908209219382e6, backtracks = 3, tol = 0.0004592025189193924
Iteration 200: loglikelihood = 2.1245544415559554e6, backtracks = 3, tol = 0.00037604892330117545
Iteration 201: loglikelihood = 2.1545018586626397e6, backtracks = 3, tol = 0.00037604796671002324
Iteration 202: loglikelihood = 2.1277576876522438e6, backtracks = 3, tol = 0.0003529853844619751
Iteration 203: loglikelihood = 2.154663071685997e6, backtracks = 3, tol = 0.00035298449374201064
Iteration 204: loglikelihood = 2.125957904089718e6, backtracks = 3, tol = 0.0003541006189361698
Iteration 205: loglikelihood = 2.1586806940798266e6, backtracks = 3, tol = 0.0003540997252931031
Iteration 206: loglikelihood = 2.120930201754748e6, backtracks = 3, tol = 0.00036743577533100886
Iteration 207: loglikelihood = 2.1684626788319536e6, backtracks = 3, tol = 0.0003674348484306873
Iteration 208: loglikelihood = 2.110480665198967e6, backtracks = 3, tol = 0.0004016558563673626
Iteration 209: loglikelihood = 2.1852015332676666e6, backtracks = 3, tol = 0.0004016548435467603
Iteration 210: loglikelihood = 2.094420978341211e6, backtracks = 3, tol = 0.0004620934737992685
Iteration 211: loglikelihood = 2.127122739453131e6, backtracks = 2, tol = 0.000462092312952255
Iteration 212: loglikelihood = 2.149073500258875e6, backtracks = 3, tol = 0.0004061612328189355
Iteration 213: loglikelihood = 2.134504256023e6, backtracks = 3, tol = 0.00036545378538922876
Iteration 214: loglikelihood = 2.151263694801825e6, backtracks = 3, tol = 0.00033624440989189335
Iteration 215: loglikelihood = 2.1307390331254e6, backtracks = 3, tol = 0.00035731278243725587
Iteration 216: loglikelihood = 2.161420897873269e6, backtracks = 3, tol = 0.0003303182925919878
Iteration 217: loglikelihood = 2.111345730421113e6, backtracks = 3, tol = 0.0005931280719934227
Iteration 218: loglikelihood = 2.2198541217043214e6, backtracks = 3, tol = 0.0003520025473435658
Iteration 219: loglikelihood = 2.0674121621083925e6, backtracks = 3, tol = 0.000530810073672502
Iteration 220: loglikelihood = 2.0802453250101027e6, backtracks = 1, tol = 0.0009068626348938993
Iteration 221: loglikelihood = 2.118743917519046e6, backtracks = 2, tol = 0.000610915550166059
Iteration 222: loglikelihood = 2.173943302376626e6, backtracks = 3, tol = 0.00038792640503411185
Iteration 223: loglikelihood = 2.0959604414530087e6, backtracks = 3, tol = 0.0004512990104943123
Iteration 224: loglikelihood = 2.1225771499235416e6, backtracks = 2, tol = 0.000603512693875594
Iteration 225: loglikelihood = 2.1431867114838115e6, backtracks = 3, tol = 0.00041675637941670693
Iteration 226: loglikelihood = 2.146097664171706e6, backtracks = 3, tol = 0.0003253793938476526
Iteration 227: loglikelihood = 2.1245823905507037e6, backtracks = 3, tol = 0.0003639785357279841
Iteration 228: loglikelihood = 2.165280216700994e6, backtracks = 3, tol = 0.00036394105704291163
Iteration 229: loglikelihood = 2.1051729297961e6, backtracks = 3, tol = 0.00043108533116369
Iteration 230: loglikelihood = 2.112455170064195e6, backtracks = 2, tol = 0.0004549267823970406
Iteration 231: loglikelihood = 2.1669403195079486e6, backtracks = 3, tol = 0.00045461760638725653
Iteration 232: loglikelihood = 2.120449592825093e6, backtracks = 3, tol = 0.0003870344258813992
Iteration 233: loglikelihood = 2.16897763509953e6, backtracks = 3, tol = 0.0003867909523988232
Iteration 234: loglikelihood = 2.1140871715912265e6, backtracks = 3, tol = 0.00039351932777104706
Iteration 235: loglikelihood = 2.1840056227765167e6, backtracks = 3, tol = 0.0003932793475635078
Iteration 236: loglikelihood = 2.0974526638220083e6, backtracks = 3, tol = 0.0004460590314393221
Iteration 237: loglikelihood = 2.1231724792792476e6, backtracks = 2, tol = 0.0005023275340699327
Iteration 238: loglikelihood = 2.174231508649808e6, backtracks = 3, tol = 0.0003875320318355067
Iteration 239: loglikelihood = 2.102265453105193e6, backtracks = 3, tol = 0.0005880829627590299
Iteration 240: loglikelihood = 2.1158705395461316e6, backtracks = 2, tol = 0.0005839989730237215
Iteration 241: loglikelihood = 2.178022904696439e6, backtracks = 3, tol = 0.0004296705983518452
Iteration 242: loglikelihood = 2.1046078257496804e6, backtracks = 3, tol = 0.0004514567900692958
Iteration 243: loglikelihood = 2.10560390155328e6, backtracks = 2, tol = 0.0005788861969377995
Iteration 244: loglikelihood = 2.2658852924751104e6, backtracks = 3, tol = 0.0003657815048342822
Iteration 245: loglikelihood = 1.9426022250326735e6, backtracks = 3, tol = 0.0013200266928250362
Iteration 246: loglikelihood = 1.9813795462608342e6, backtracks = 0, tol = 0.00037348910437558696
Iteration 247: loglikelihood = 2.1230292832159954e6, backtracks = 0, tol = 0.0006382099987085374
Iteration 248: loglikelihood = 2.1991486695088404e6, backtracks = 3, tol = 0.0003343251474620296
Iteration 249: loglikelihood = 2.0482656200500657e6, backtracks = 3, tol = 0.0003893480061863913
Iteration 250: loglikelihood = 2.153344808606047e6, backtracks = 1, tol = 0.0003893470689346289
Iteration 251: loglikelihood = 2.1121806200313494e6, backtracks = 3, tol = 0.00032004204951628445
Iteration 252: loglikelihood = 2.1344817253168467e6, backtracks = 2, tol = 0.00027724472839931466
Iteration 253: loglikelihood = 2.1580002666927073e6, backtracks = 3, tol = 0.00024449126441720775
Iteration 254: loglikelihood = 2.137801122171615e6, backtracks = 3, tol = 0.0001906379803723373
Iteration 255: loglikelihood = 2.161402745161536e6, backtracks = 3, tol = 0.00017001725974500546
Iteration 256: loglikelihood = 2.102937510159772e6, backtracks = 3, tol = 0.0002472832424330344
Iteration 257: loglikelihood = 2.114320817646879e6, backtracks = 2, tol = 0.00022507433775646613
Iteration 258: loglikelihood = 2.2094619672525157e6, backtracks = 3, tol = 0.00019172015493109753
Iteration 259: loglikelihood = 2.0712306590700797e6, backtracks = 3, tol = 0.0002393156878907671
Iteration 260: loglikelihood = 2.204375260475316e6, backtracks = 2, tol = 0.00023274439495684317
Iteration 261: loglikelihood = 2.0713137898546816e6, backtracks = 3, tol = 0.00022877450502695
Iteration 262: loglikelihood = 2.208118784110293e6, backtracks = 2, tol = 0.0002278493901191778
Iteration 263: loglikelihood = 2.0690895046335254e6, backtracks = 3, tol = 0.00021299080637670503
Iteration 264: loglikelihood = 2.2358958440539874e6, backtracks = 2, tol = 0.0002095039631457419
Iteration 265: loglikelihood = 2.0536983645421332e6, backtracks = 3, tol = 0.0002274267871948098
Iteration 266: loglikelihood = 2.0956691276563653e6, backtracks = 1, tol = 0.00038393797098513983
Iteration 267: loglikelihood = 2.1541965516693126e6, backtracks = 3, tol = 9.036355595220718e-5

Compute time (sec):     4539.787247180939
Final loglikelihood:    2.2724276155869365e6
Iterations:             267
Trait 1's SNP PVE:      0.0178409194999977
Trait 2's SNP PVE:      0.04232486519501827
Trait 3's SNP PVE:      0.02446916995863271
Trait 4's SNP PVE:      0.03649763922610326
Trait 5's SNP PVE:      0.04818098699173014
Trait 6's SNP PVE:      0.054727051100212754
Trait 7's SNP PVE:      0.0500957663968989
Trait 8's SNP PVE:      0.03320721082638241
Trait 9's SNP PVE:      0.043210706423667464
Trait 10's SNP PVE:      0.03695480443510882
Trait 11's SNP PVE:      0.026776689227920734
Trait 12's SNP PVE:      0.025019994006137407
Trait 13's SNP PVE:      0.023074306682808476
Trait 14's SNP PVE:      0.026883760571690115
Trait 15's SNP PVE:      0.05149786047693182
Trait 16's SNP PVE:      0.05378609502700606
Trait 17's SNP PVE:      0.02677704890338828
Trait 18's SNP PVE:      0.013592562649030856

Estimated trait covariance:
18×18 DataFrame
 Row │ trait1    trait2     trait3     trait4       trait5      trait6     trait7     trait8      trait9     trait10    trait11    trait12    trait13     trait14      trait15     trait16     trait17     trait18
     │ Float64   Float64    Float64    Float64      Float64     Float64    Float64    Float64     Float64    Float64    Float64    Float64    Float64     Float64      Float64     Float64     Float64     Float64
─────┼────────────────────────────────────────────────────────────────────────────────────────────────────────────────────────────────────────────────────────────────────────────────────────────────────────────────
   1 │ 0.961262   0.661956  0.847897    0.402769     0.33137     0.438768   0.514933   0.769059    0.717984  0.788938   0.811874   0.842331    0.825106    0.804562     0.15278     0.1667      0.395057    0.624435
   2 │ 0.661956   0.948032  0.557685   -0.202822     0.787454    0.884674   0.913248   0.902928    0.907083  0.683842   0.379339   0.481195    0.663295    0.65234     -0.334057   -0.40853    -0.129373    0.388539
   3 │ 0.847897   0.557685  0.954111    0.17979      0.165714    0.353211   0.439503   0.751133    0.676253  0.715209   0.859243   0.945151    0.932864    0.920341     0.0536544   0.0117761   0.147172    0.471077
   4 │ 0.402769  -0.202822  0.17979     0.91354     -0.292047   -0.341377  -0.315482  -0.127349   -0.162637  0.130904   0.365607   0.258307    0.0528884   0.00634373   0.564355    0.794226    0.884544    0.487145
   5 │ 0.33137    0.787454  0.165714   -0.292047     0.945855    0.850106   0.816971   0.632606    0.655814  0.390138   0.0227619  0.0866165   0.293442    0.279834    -0.395466   -0.443924   -0.189301    0.228895
   6 │ 0.438768   0.884674  0.353211   -0.341377     0.850106    0.945628   0.930715   0.791467    0.806598  0.49433    0.15184    0.267006    0.48965     0.464051    -0.476417   -0.519161   -0.229649    0.314126
   7 │ 0.514933   0.913248  0.439503   -0.315482     0.816971    0.930715   0.948291   0.85194     0.849352  0.528883   0.218216   0.352484    0.572323    0.549707    -0.460254   -0.510899   -0.212939    0.352389
   8 │ 0.769059   0.902928  0.751133   -0.127349     0.632606    0.791467   0.85194    0.959712    0.921534  0.746578   0.574092   0.688411    0.826454    0.817697    -0.237145   -0.320405   -0.0910167   0.415239
   9 │ 0.717984   0.907083  0.676253   -0.162637     0.655814    0.806598   0.849352   0.921534    0.944592  0.765394   0.50357    0.611596    0.75971     0.74374     -0.283729   -0.360483   -0.109956    0.410021
  10 │ 0.788938   0.683842  0.715209    0.130904     0.390138    0.49433    0.528883   0.746578    0.765394  0.929658   0.758427   0.706585    0.693838    0.710687     0.161203    0.0330841   0.0859537   0.292251
  11 │ 0.811874   0.379339  0.859243    0.365607     0.0227619   0.15184    0.218216   0.574092    0.50357   0.758427   0.942085   0.888778    0.773427    0.779216     0.335257    0.277824    0.282037    0.365735
  12 │ 0.842331   0.481195  0.945151    0.258307     0.0866165   0.267006   0.352484   0.688411    0.611596  0.706585   0.888778   0.9522      0.89895     0.886257     0.136575    0.105239    0.211036    0.463981
  13 │ 0.825106   0.663295  0.932864    0.0528884    0.293442    0.48965    0.572323   0.826454    0.75971   0.693838   0.773427   0.89895     0.958104    0.934559    -0.108954   -0.146581    0.0570785   0.500088
  14 │ 0.804562   0.65234   0.920341    0.00634373   0.279834    0.464051   0.549707   0.817697    0.74374   0.710687   0.779216   0.886257    0.934559    0.949774    -0.0343858  -0.138736   -0.0268094   0.368425
  15 │ 0.15278   -0.334057  0.0536544   0.564355    -0.395466   -0.476417  -0.460254  -0.237145   -0.283729  0.161203   0.335257   0.136575   -0.108954   -0.0343858    0.903816    0.775911    0.365151   -0.221885
  16 │ 0.1667    -0.40853   0.0117761   0.794226    -0.443924   -0.519161  -0.510899  -0.320405   -0.360483  0.0330841  0.277824   0.105239   -0.146581   -0.138736     0.775911    0.886623    0.678899    0.0942677
  17 │ 0.395057  -0.129373  0.147172    0.884544    -0.189301   -0.229649  -0.212939  -0.0910167  -0.109956  0.0859537  0.282037   0.211036    0.0570785  -0.0268094    0.365151    0.678899    0.931699    0.657207
  18 │ 0.624435   0.388539  0.471077    0.487145     0.228895    0.314126   0.352389   0.415239    0.410021  0.292251   0.365735   0.463981    0.500088    0.368425    -0.221885    0.0942677   0.657207    0.972419

Trait 1: IHT estimated 239 nonzero SNP predictors
239×2 DataFrame
 Row │ Position  Estimated_β
     │ Int64     Float64
─────┼────────────────────────
   1 │    11577  -0.00471012
   2 │    11578  -0.00463269
   3 │    11579   0.00469133
   4 │    11580   0.00472849
   5 │    11581  -0.0046825
   6 │    11584  -0.00264578
   7 │    11590   0.00471954
   8 │    11592  -0.0027023
   9 │    11594   0.000636805
  10 │    11598  -0.00159568
  11 │    18165  -0.00292432
  12 │    18181  -0.00546048
  13 │    18182   0.00329801
  14 │    18183  -0.00546829
  15 │    18184   0.00554066
  16 │    18185   0.0055257
  17 │    18186   0.00549769
  18 │    18187  -0.00212268
  19 │    18188   0.00563077
  20 │    18189   0.00548641
  21 │    41945  -0.00271311
  22 │    41952  -0.0033948
  23 │    41954  -0.0033892
  24 │    41955  -0.00335166
  25 │    41956  -0.00338175
  26 │    41959   0.00283694
  27 │    41963  -0.00280096
  28 │    41964   0.00586928
  29 │    41965   0.005933
  30 │    41966  -0.00267097
  31 │    41967  -0.00277774
  32 │    41968   0.00455319
  33 │    41972  -0.00333181
  34 │    41974   0.00115969
  35 │    41975   0.00495413
  36 │    41977   0.0044084
  37 │    41978   0.00449054
  38 │    41979   0.00443745
  39 │    41985   0.00427564
  40 │    41986   0.00331085
  41 │    41988   0.00340545
  42 │    41989   0.00351642
  43 │    41990   0.0021635
  44 │    41992  -0.00306854
  45 │    41997  -0.00203233
  46 │    42916  -0.00148741
  47 │    42919  -0.00141595
  48 │    42921  -0.00132367
  49 │    42925  -0.00204673
  50 │    42927  -0.00144477
  51 │    42928  -0.00198815
  52 │    42930  -0.00110443
  53 │    42931  -0.00148438
  54 │    42932  -0.00121132
  55 │    42933  -0.0033917
  56 │    42934  -0.00315841
  57 │    42935  -0.00312407
  58 │    42936  -0.00175008
  59 │    42938  -0.00226778
  60 │    42941   0.00198505
  61 │    42942   0.00199288
  62 │    42943   0.0019604
  63 │    42945   0.00202727
  64 │    42947   0.00183771
  65 │    42956  -0.00176205
  66 │    42963   0.00202256
  67 │    45816  -0.00146649
  68 │    45817  -0.00132631
  69 │    45821  -0.00132195
  70 │    45822  -0.00133221
  71 │    45823  -0.00138207
  72 │   146549   0.00287211
  73 │   146552   0.0031126
  74 │   146554   0.00259068
  75 │   146557   0.00257849
  76 │   146560   0.00263047
  77 │   146561   0.00298036
  78 │   146564   0.0026296
  79 │   146566   0.00259495
  80 │   146569   0.00215955
  81 │   146576   0.00334925
  82 │   146579   0.00218768
  83 │   146588  -0.00112548
  84 │   146596   0.00139897
  85 │   158405   0.00243262
  86 │   158406   0.00242973
  87 │   158407   0.00234447
  88 │   158411   0.00183161
  89 │   173361  -0.00176647
  90 │   173406   0.0012602
  91 │   174881   0.000959758
  92 │   174915   0.00100434
  93 │   174926   0.0011466
  94 │   175000   0.00312825
  95 │   175005   0.00316686
  96 │   175041   0.00244595
  97 │   175075   0.00117909
  98 │   175096   0.00138949
  99 │   194353  -0.00327875
 100 │   194409  -0.00325692
 101 │   194415  -0.00336805
 102 │   208944  -0.00344951
 103 │   208947  -0.00481192
 104 │   208949  -0.00472862
 105 │   208951  -0.00643123
 106 │   225486   0.00146613
 107 │   225487   0.00150464
 108 │   225488   0.00183227
 109 │   225489   0.00184639
 110 │   225490   0.00194381
 111 │   225491   0.00199486
 112 │   225497  -0.00152363
 113 │   242599   0.00252065
 114 │   242601  -0.00418907
 115 │   242602  -0.00426918
 116 │   242603  -0.00421438
 117 │   242605  -0.00310714
 118 │   242606  -0.00305167
 119 │   242607  -0.00420668
 120 │   242608   0.00174415
 121 │   242609  -0.00309648
 122 │   242612  -0.0035545
 123 │   260644  -0.00126785
 124 │   260645  -0.00141751
 125 │   266007   0.00241614
 126 │   266008   0.00180544
 127 │   266009   0.00185641
 128 │   266010   0.00184208
 129 │   266011   0.0024606
 130 │   301459  -0.00172766
 131 │   301462  -0.00197477
 132 │   301463  -0.00179225
 133 │   301464  -0.00173041
 134 │   301466  -0.00172706
 135 │   301467  -0.00169377
 136 │   301468  -0.0016237
 137 │   301469  -0.000343863
 138 │   301471  -0.00169073
 139 │   301473  -0.00167896
 140 │   301476  -0.00194694
 141 │   301480  -0.0019745
 142 │   309993  -0.0034135
 143 │   309996  -0.00475265
 144 │   309998   0.00327238
 145 │   310000   0.00358495
 146 │   310003   0.00352566
 147 │   310006   0.00351651
 148 │   310010  -0.00631878
 149 │   310012   0.00372519
 150 │   310013   0.00372128
 151 │   310014  -0.00456318
 152 │   310015  -0.00483135
 153 │   310017   0.00384493
 154 │   310018  -0.00493147
 155 │   310019   0.00394076
 156 │   310020  -0.00489245
 157 │   310027  -0.00318405
 158 │   310033  -0.00468191
 159 │   310037  -0.00408501
 160 │   310039   0.00193109
 161 │   310042  -0.00367486
 162 │   310044  -0.00369731
 163 │   310047   0.00148414
 164 │   310056   0.000930828
 165 │   310062   0.00121721
 166 │   373948   0.00340473
 167 │   373950   0.00371787
 168 │   373951   0.00364648
 169 │   373952  -0.00343002
 170 │   373954  -0.00341165
 171 │   373955   0.00118801
 172 │   373956   0.00294864
 173 │   373962  -0.00187675
 174 │   373966   0.00142513
 175 │   373969  -0.00110871
 176 │   373973  -0.0013648
 177 │   373976   0.00390666
 178 │   373978   0.00176946
 179 │   373979  -0.00394012
 180 │   373987  -0.00253836
 181 │   373988  -0.00117713
 182 │   391781   0.00423058
 183 │   391782   0.00423846
 184 │   391783   0.00420875
 185 │   391787   0.00422023
 186 │   391789   0.00469969
 187 │   391792  -0.0038973
 188 │   391793   0.00330094
 189 │   391795  -0.0033095
 190 │   394184   0.00237349
 191 │   423244   0.00243561
 192 │   423245   0.00230459
 193 │   423246   0.00203546
 194 │   423247   0.00238281
 195 │   423250   0.00243438
 196 │   432754  -0.00706055
 197 │   432757  -0.00449631
 198 │   432759  -0.00722433
 199 │   432795  -0.00223555
 200 │   432801  -0.002144
 201 │   434519  -0.00172041
 202 │   434532  -0.00435202
 203 │   434545  -0.00474759
 204 │   434550   0.00162304
 205 │   434553  -0.00287004
 206 │   434560  -0.00317511
 207 │   434561  -0.00313738
 208 │   434564  -0.00162824
 209 │   434570  -0.00148297
 210 │   434573  -0.003808
 211 │   434574  -0.00379548
 212 │   434594  -0.00286913
 213 │   438345  -0.00534794
 214 │   438448  -0.00471868
 215 │   438455  -0.00490298
 216 │   438466  -0.00365605
 217 │   438469  -0.00589577
 218 │   438476  -0.00341437
 219 │   438479  -0.00491619
 220 │   438483  -0.0036063
 221 │   438489  -0.00296688
 222 │   438492  -0.003061
 223 │   438494  -0.00342765
 224 │   438499   0.00349998
 225 │   438500   0.0035129
 226 │   438505   0.00407919
 227 │   438511  -0.00289902
 228 │   438515  -0.00241789
 229 │   438518  -0.00619292
 230 │   438519   0.00444399
 231 │   438520   0.00586579
 232 │   438521   0.00267511
 233 │   438526   0.00563725
 234 │   438527   0.00171501
 235 │   438529   0.00199569
 236 │   438530  -0.00844705
 237 │   438531   0.00580717
 238 │   438534  -0.00440334
 239 │   449460   0.00058059

Trait 1: IHT estimated 14 non-genetic predictors
14×2 DataFrame
 Row │ Position  Estimated_β
     │ Int64     Float64
─────┼────────────────────────
   1 │        1   8.38164e-7
   2 │        2   0.0165056
   3 │        3   0.00505943
   4 │        4   0.00433833
   5 │        5   0.00148101
   6 │        6  -0.00108373
   7 │        7   0.00114997
   8 │        8  -0.00199949
   9 │        9  -0.00111104
  10 │       10   0.000615633
  11 │       11  -0.000442392
  12 │       12   8.5275e-5
  13 │       13   0.00206544
  14 │       14  -0.000908801

Trait 2: IHT estimated 270 nonzero SNP predictors
270×2 DataFrame
 Row │ Position  Estimated_β
     │ Int64     Float64
─────┼────────────────────────
   1 │    11577  -0.00595413
   2 │    11578  -0.00603106
   3 │    11579   0.00609083
   4 │    11580   0.00605837
   5 │    11581  -0.00595956
   6 │    11584  -0.00371037
   7 │    11590   0.00575494
   8 │    11592  -0.00455211
   9 │    11598  -0.00290291
  10 │    18181  -0.00231971
  11 │    18183  -0.00227453
  12 │    18184   0.0021734
  13 │    18185   0.00218902
  14 │    18186   0.00222217
  15 │    18188   0.00195768
